draw_margin: 0.6900411581135488
draw_n_estimators: 608
draw_max_depth: 7
draw_learning_rate: 0.13491466775488795
draw_subsample: 0.8867583743267606
draw_colsample_bytree: 0.6897678898654231
draw_scale_pos_weight: 4.709418512277904
win_n_estimators: 1813
win_max_depth: 4
win_learning_rate: 0.020753767556673727
win_subsample: 0.7777680333145466
win_colsample_bytree: 0.6427662610147495
