draw_margin: 0.6900411581135488
draw_n_estimators: 474
draw_max_depth: 10
draw_learning_rate: 0.01783453382491067
draw_subsample: 0.8231413888300061
draw_colsample_bytree: 0.98215833445233
draw_scale_pos_weight: 3.989450539554146
win_n_estimators: 272
win_max_depth: 8
win_learning_rate: 0.017069116579837052
win_subsample: 0.6813503946320631
win_colsample_bytree: 0.7643777741583951
