draw_margin: 0.6900411581135488
draw_n_estimators: 659
draw_max_depth: 9
draw_learning_rate: 0.011349262322072222
draw_subsample: 0.6511843310288898
draw_colsample_bytree: 0.8902129981989967
draw_scale_pos_weight: 3.4754997427252423
win_n_estimators: 1156
win_max_depth: 3
win_learning_rate: 0.01430750465473035
win_subsample: 0.9992617183821898
win_colsample_bytree: 0.8766450194530799
