draw_margin: 0.6900411581135488
draw_n_estimators: 608
draw_max_depth: 7
draw_learning_rate: 0.13491466775488795
draw_subsample: 0.8867583743267606
draw_colsample_bytree: 0.6897678898654231
draw_scale_pos_weight: 4.709418512277904
win_n_estimators: 310
win_max_depth: 10
win_learning_rate: 0.11817344412847003
win_subsample: 0.8106394223179421
win_colsample_bytree: 0.9727909076980705
