draw_margin: 0.6900411581135488
draw_n_estimators: 229
draw_max_depth: 9
draw_learning_rate: 0.010430251854142078
draw_subsample: 0.8279273219480194
draw_colsample_bytree: 0.8746589598716877
draw_scale_pos_weight: 4.279287905312805
win_n_estimators: 770
win_max_depth: 6
win_learning_rate: 0.02670741945608458
win_subsample: 0.9746120346588483
win_colsample_bytree: 0.7657102410521289