draw_margin: 0.6900411581135488
draw_n_estimators: 115
draw_max_depth: 5
draw_learning_rate: 0.016634578002674143
draw_subsample: 0.8946503190961024
draw_colsample_bytree: 0.6305603103392181
draw_scale_pos_weight: 1.802916323311362
win_n_estimators: 224
win_max_depth: 3
win_learning_rate: 0.09115300795644629
win_subsample: 0.7157214456641203
win_colsample_bytree: 0.6077725904884134