draw_margin: 0.6900411581135488
draw_n_estimators: 362
draw_max_depth: 9
draw_learning_rate: 0.20824305950144
draw_subsample: 0.784255280526621
draw_colsample_bytree: 0.606720395686733
draw_scale_pos_weight: 6.157541075852755
