draw_margin: 0.6900411581135488
draw_n_estimators: 200
draw_max_depth: 3
draw_learning_rate: 0.025861443507298635
draw_subsample: 0.7666864735522791
draw_colsample_bytree: 0.6292732228073256
draw_scale_pos_weight: 7.884859950728554
win_n_estimators: 310
win_max_depth: 10
win_learning_rate: 0.11817344412847003
win_subsample: 0.8106394223179421
win_colsample_bytree: 0.9727909076980705