draw_boost: 2.5
goals_min_child_weight: 7.449970600545126
hybrid_poisson_weight: 0.08795575732138336
momentum_decay: 0.91
outcome_gamma: 0.00014006255324232615
outcome_min_child_weight: 0.21912619411556553
outcome_n_estimators: 200
time_decay_half_life_days: 339.28165093356574
