draw_boost: 3.3
form_last_n: 13
goals_colsample_bytree: 0.8
goals_gamma: 0.00021190537132823842
goals_learning_rate: 0.26478037610153315
goals_max_depth: 4
goals_min_child_weight: 1.4063180602256962
goals_n_estimators: 500
goals_reg_alpha: 0.02311724801864725
goals_reg_lambda: 0.007489456060931169
goals_subsample: 0.6000000000000001
max_goals: 12
min_lambda: 0.76
momentum_decay: 0.52
outcome_colsample_bytree: 0.8
outcome_gamma: 0.10711228569534582
outcome_learning_rate: 0.10998456672011889
outcome_max_depth: 6
outcome_min_child_weight: 0.5669204578774658
outcome_n_estimators: 800
outcome_reg_alpha: 3.808766757993386e-08
outcome_reg_lambda: 0.012931221022335465
outcome_subsample: 0.8
prior_blend_alpha: 0.24
proba_temperature: 1.1
time_decay_half_life_days: 154.65346093791584
