draw_boost: 1.8
form_last_n: 17
goals_colsample_bytree: 1.0
goals_gamma: 0.0028185619168627353
goals_learning_rate: 0.023300877572679478
goals_max_depth: 6
goals_min_child_weight: 0.320099968962701
goals_n_estimators: 200
goals_reg_alpha: 1.3638459570793022e-05
goals_reg_lambda: 2.3091287515223957
goals_subsample: 0.4
max_goals: 14
min_lambda: 0.8600000000000001
momentum_decay: 0.65
outcome_colsample_bytree: 0.9
outcome_gamma: 1.1728039451892039e-05
outcome_learning_rate: 0.04772657568465481
outcome_max_depth: 10
outcome_min_child_weight: 0.23544479053411171
outcome_n_estimators: 950
outcome_reg_alpha: 0.0009837169433882173
outcome_reg_lambda: 1.9779087962948116
outcome_subsample: 0.8
prior_blend_alpha: 0.5
proba_temperature: 1.3
time_decay_half_life_days: 341.4122744686271
