draw_boost: 1.4
form_last_n: 6
goals_colsample_bytree: 0.9
goals_gamma: 0.7298128212869488
goals_learning_rate: 0.11847724902149864
goals_max_depth: 7
goals_min_child_weight: 2.3469707724209097
goals_n_estimators: 150
goals_reg_alpha: 0.01344092100452521
goals_reg_lambda: 3.9884081407484335
goals_subsample: 0.7
max_goals: 6
min_lambda: 0.3
momentum_decay: 0.71
outcome_colsample_bytree: 0.6
outcome_gamma: 9.542563295484307e-05
outcome_learning_rate: 0.03080590053552388
outcome_max_depth: 5
outcome_min_child_weight: 2.085927498687816
outcome_n_estimators: 550
outcome_reg_alpha: 0.12287932452192654
outcome_reg_lambda: 3.8419968528522865
outcome_subsample: 0.9
prior_blend_alpha: 0.14
proba_temperature: 1.1
time_decay_half_life_days: 108.7299585375854
